start=9.000000
fullscreen=yes
sub-delay=0.100000
